1 
22.168 1.508 0 
1 2 1 
0 0 0 
0 
3 
1 1 1 1 
UlnaLantern 
0 
1 
40.1 9.516 0 
1 2 1 
0 0 0 
0 
3 
1 1 1 1 
UlnaLantern 
0 
1 
56.8222 1.524 0 
1 2 1 
0 0 0 
0 
3 
1 1 1 1 
UlnaLantern 
0 
1 
65.2543 11.86 0 
1 2 1 
0 0 0 
0 
3 
1 1 1 1 
UlnaLantern 
0 
1 
81.1144 1.508 0 
1 2 1 
0 0 0 
0 
3 
1 1 1 1 
UlnaLantern 
0 
1 
85.7625 6.556 0 
1 2 1 
0 0 0 
0 
3 
1 1 1 1 
UlnaLantern 
0 
1 
103.533 12.52 0 
1 2 1 
0 0 0 
0 
3 
1 1 1 1 
UlnaLantern 
0 
1 
98.9486 21.29 0 
1 2 1 
0 0 0 
0 
3 
1 1 1 1 
UlnaLantern 
0 
1 
103.717 21.066 0 
1 2 1 
0 0 0 
0 
3 
1 1 1 1 
UlnaLantern 
0 
1 
114.251 1.518 0 
1 2 1 
0 0 0 
0 
3 
1 1 1 1 
UlnaLantern 
0 
1 
132.303 7.302 0 
1 2 1 
0 0 0 
0 
3 
1 1 1 1 
UlnaLantern 
0 
1 
138.243 7.082 0 
1 2 1 
0 0 0 
0 
3 
1 1 1 1 
UlnaLantern 
0 
1 
145.41 1.534 0 
1 2 1 
0 0 0 
0 
3 
1 1 1 1 
UlnaLantern 
0 
1 
148.282 1.502 0 
1 2 1 
0 0 0 
0 
3 
1 1 1 1 
UlnaLantern 
0 
1 
151.778 1.522 0 
1 2 1 
0 0 0 
0 
3 
1 1 1 1 
UlnaLantern 
0 
1 
161.042 8.962 0 
1 2 1 
0 0 0 
0 
3 
1 1 1 1 
UlnaLantern 
0 
1 
166.795 0.990001 0 
1 1 1 
0 0 0 
0 
3 
1 1 1 1 
RiceBarrel 
0 
1 
167.603 0.958001 0 
1 1 1 
0 0 0 
0 
3 
1 1 1 1 
RiceBarrel 
0 
1 
168.467 0.974001 0 
1 1 1 
0 0 0 
0 
3 
1 1 1 1 
RiceBarrel 
0 
1 
167.963 1.926 0 
1 1 1 
0 0 0 
0 
3 
1 1 1 1 
RiceBarrel 
0 
1 
167.819 2.878 0 
1 1 1 
0 0 0 
0 
3 
1 1 1 1 
RiceBarrel 
0 
1 
167.267 1.878 0 
1 1 1 
0 0 0 
0 
3 
1 1 1 1 
RiceBarrel 
0 
1 
166.043 0.998001 0 
1 1 1 
0 0 0 
0 
3 
1 1 1 1 
RiceBarrel 
0 
1 
166.499 1.942 0 
1 1 1 
0 0 0 
0 
3 
1 1 1 1 
RiceBarrel 
0 
1 
166.699 2.878 0 
1 1 1 
0 0 0 
0 
3 
1 1 1 1 
RiceBarrel 
0 
1 
166.699 2.878 0 
1 1 1 
0 0 0 
0 
3 
1 1 1 1 
RiceBarrel 
0 
1 
111.263 0.962001 0 
1 1 1 
0 0 0 
0 
3 
1 1 1 1 
RiceBarrel 
0 
1 
110.343 0.970001 0 
1 1 1 
0 0 0 
0 
3 
1 1 1 1 
RiceBarrel 
0 
1 
109.447 0.970001 0 
1 1 1 
0 0 0 
0 
3 
1 1 1 1 
RiceBarrel 
0 
1 
109.767 1.922 0 
1 1 1 
0 0 0 
0 
3 
1 1 1 1 
RiceBarrel 
0 
1 
110.703 1.882 0 
1 1 1 
0 0 0 
0 
3 
1 1 1 1 
RiceBarrel 
0 
1 
110.001 2.87 0 
1 1 1 
0 0 0 
0 
3 
1 1 1 1 
RiceBarrel 
0 
1 
112.131 0.954001 0 
1 1 1 
0 0 0 
0 
3 
1 1 1 1 
RiceBarrel 
0 
1 
111.653 1.926 0 
1 1 1 
0 0 0 
0 
3 
1 1 1 1 
RiceBarrel 
0 
1 
111.121 2.854 0 
1 1 1 
0 0 0 
0 
3 
1 1 1 1 
RiceBarrel 
0 
1 
111.065 3.798 0 
1 1 1 
0 0 0 
0 
3 
1 1 1 1 
RiceBarrel 
0 
1 
108.561 0.958002 0 
1 1 1 
0 0 0 
0 
3 
1 1 1 1 
RiceBarrel 
0 
1 
108.873 1.918 0 
1 1 1 
0 0 0 
0 
3 
1 1 1 1 
RiceBarrel 
0 
1 
110.217 3.782 0 
1 1 1 
0 0 0 
0 
3 
1 1 1 1 
RiceBarrel 
0 
1 
110.737 4.774 0 
1 1 1 
0 0 0 
0 
3 
1 1 1 1 
RiceBarrel 
0 
1 
107.657 0.982001 0 
1 1 1 
0 0 0 
0 
3 
1 1 1 1 
RiceBarrel 
0 
1 
32.818 0.986001 0 
1 1 1 
0 0 0 
0 
3 
1 1 1 1 
RiceBarrel 
0 
1 
31.866 1.002 0 
1 1 1 
0 0 0 
0 
3 
1 1 1 1 
RiceBarrel 
0 
1 
32.162 1.97 0 
1 1 1 
0 0 0 
0 
3 
1 1 1 1 
RiceBarrel 
0 
1 
33.754 0.994001 0 
1 1 1 
0 0 0 
0 
3 
1 1 1 1 
RiceBarrel 
0 
1 
33.026 1.962 0 
1 1 1 
0 0 0 
0 
3 
1 1 1 1 
RiceBarrel 
0 
1 
34.626 0.986001 0 
1 1 1 
0 0 0 
0 
3 
1 1 1 1 
RiceBarrel 
0 
1 
33.938 1.946 0 
1 1 1 
0 0 0 
0 
3 
1 1 1 1 
RiceBarrel 
0 
1 
33.57 2.914 0 
1 1 1 
0 0 0 
0 
3 
1 1 1 1 
RiceBarrel 
0 
1 
35.514 0.978001 0 
1 1 1 
0 0 0 
0 
3 
1 1 1 1 
RiceBarrel 
0 
1 
34.874 1.946 0 
1 1 1 
0 0 0 
0 
3 
1 1 1 1 
RiceBarrel 
0 
1 
34.482 2.898 0 
1 1 1 
0 0 0 
0 
3 
1 1 1 1 
RiceBarrel 
0 
1 
34.066 3.85 0 
1 1 1 
0 0 0 
0 
3 
1 1 1 1 
RiceBarrel 
0 
1 
32.714 2.95 0 
1 1 1 
0 0 0 
0 
3 
1 1 1 1 
RiceBarrel 
0 
1 
33.214 3.882 0 
1 1 1 
0 0 0 
0 
3 
1 1 1 1 
RiceBarrel 
0 
