1 
14.678 1.814 0 
1 1 1 
0 0 0 
0 
3 
1 1 1 1 
Smiley1 
0 
1 
25.05 3.854 0 
1 1 1 
0 0 0 
0 
3 
1 1 1 1 
Smiley1 
0 
1 
34.676 5.882 0 
1 1 1 
0 0 0 
0 
3 
1 1 1 1 
Smiley1 
0 
1 
42.052 8.714 0 
1 1 1 
0 0 0 
0 
3 
1 1 1 1 
Smiley1 
0 
1 
48.0341 11.758 0 
1 1 1 
0 0 0 
0 
3 
1 1 1 1 
Smiley1 
0 
1 
57.5022 10.754 0 
1 1 1 
0 0 0 
0 
3 
1 1 1 1 
Smiley1 
0 
1 
70.3443 12.874 0 
1 1 1 
0 0 0 
0 
3 
1 1 1 1 
Smiley1 
0 
1 
91.1825 12.966 0 
1 1 1 
0 0 0 
0 
3 
1 1 1 1 
Smiley1 
0 
1 
120.491 1.97 0 
1 1 1 
0 0 0 
0 
3 
1 1 1 1 
Smiley1 
0 
1 
129.495 2.518 0 
2 4 2 
0 0 0 
0 
3 
1 1 1 1 
UlnaLantern 
0 
1 
132.195 2.502 0 
2 4 2 
0 0 0 
0 
3 
1 1 1 1 
UlnaLantern 
0 
1 
137.997 2.506 0 
4 1 1 
0 0 1.5708 
0 
3 
1 1 1 1 
StartGame 
0 
1 
164.997 2.502 0 
4 1 1 
0 0 1.5708 
0 
3 
1 1 1 1 
StartGame 
0 
1 
149.422 9.49 0 
2 4 2 
0 0 0 
0 
3 
1 1 1 1 
UlnaLantern 
0 
1 
142.548 15.51 0 
2 4 2 
0 0 0 
0 
3 
1 1 1 1 
UlnaLantern 
0 
1 
155.518 17.498 0 
2 4 2 
0 0 0 
0 
3 
1 1 1 1 
UlnaLantern 
0 
1 
162.548 11.496 0 
2 4 2 
0 0 0 
0 
3 
1 1 1 1 
UlnaLantern 
0 
1 
179.099 1.756 0 
1 1 1 
0 0 0 
0 
3 
1 1 1 1 
Smiley1 
0 
1 
175.071 2.12 0 
1 1 1 
0 0 0 
0 
3 
1 1 1 1 
Smiley1 
0 
